STATIONS_ID;MESS_DATUM;QN_6;  RS; RSF;SH_TAG;NSH_TAG;eor
      17448;20240303;    3;   0.0;   0;-999;-999;eor
      17448;20240304;    3;   0.0;   0;-999;-999;eor
      17448;20240305;    3;   0.0;   0;-999;-999;eor
      17448;20240306;    3;   0.0;   0;-999;-999;eor
      17448;20240307;    3;   0.0;   0;-999;-999;eor
      17448;20240308;    3;   0.0;   0;-999;-999;eor
      17448;20240309;    3;   0.0;   0;-999;-999;eor
      17448;20240310;    3;   0.0;   0;-999;-999;eor
      17448;20240311;    3;   0.0;   0;-999;-999;eor
      17448;20240312;    3;   0.0;   0;-999;-999;eor
      17448;20240313;    3;   0.1;   4;-999;-999;eor
      17448;20240314;    3;   0.0;   0;-999;-999;eor
      17448;20240315;    3;   0.0;   0;-999;-999;eor
      17448;20240316;    3;   1.4;   4;-999;-999;eor
      17448;20240317;    3;   0.0;   0;-999;-999;eor
      17448;20240318;    3;   0.0;   0;-999;-999;eor
      17448;20240319;    3;   0.0;   0;-999;-999;eor
      17448;20240320;    3;   0.8;   4;-999;-999;eor
      17448;20240321;    3;   8.7;   4;-999;-999;eor
      17448;20240322;    3;   6.8;   4;-999;-999;eor
      17448;20240323;    3;   7.5;   4;-999;-999;eor
      17448;20240324;    3;   5.0;   4;-999;-999;eor
      17448;20240325;    3;   0.6;   4;-999;-999;eor
      17448;20240326;    3;   0.0;   0;-999;-999;eor
      17448;20240327;    3;   0.0;   0;-999;-999;eor
      17448;20240328;    3;   0.2;   4;-999;-999;eor
      17448;20240329;    3;   0.1;   4;-999;-999;eor
      17448;20240330;    3;   0.0;   0;-999;-999;eor
      17448;20240331;    3;   0.0;   0;-999;-999;eor
      17448;20240401;    3;   0.0;   0;-999;-999;eor
      17448;20240402;    3;   1.6;   4;-999;-999;eor
      17448;20240403;    3;   2.8;   4;-999;-999;eor
      17448;20240404;    3;   2.2;   4;-999;-999;eor
      17448;20240405;    3;   0.2;   4;-999;-999;eor
      17448;20240406;    3;   0.0;   0;-999;-999;eor
      17448;20240407;    3;   0.0;   0;-999;-999;eor
      17448;20240408;    3;   0.0;   0;-999;-999;eor
      17448;20240409;    3;   0.7;   4;-999;-999;eor
      17448;20240410;    3;   0.0;   0;-999;-999;eor
      17448;20240411;    3;   0.0;   0;-999;-999;eor
      17448;20240412;    3;   0.0;   0;-999;-999;eor
      17448;20240413;    3;   0.0;   0;-999;-999;eor
      17448;20240414;    3;   0.0;   0;-999;-999;eor
      17448;20240415;    3;   4.0;   4;-999;-999;eor
      17448;20240416;    3;   0.7;   4;-999;-999;eor
      17448;20240417;    3;   0.0;   0;-999;-999;eor
      17448;20240418;    3;   0.0;   0;-999;-999;eor
      17448;20240419;    3;   8.0;   4;-999;-999;eor
      17448;20240420;    3;   0.0;   0;-999;-999;eor
      17448;20240421;    3;   0.3;   4;-999;-999;eor
      17448;20240422;    3;   0.1;   4;-999;-999;eor
      17448;20240423;    3;   0.0;   0;-999;-999;eor
      17448;20240424;    3;   0.6;   4;-999;-999;eor
      17448;20240425;    3;   0.2;   4;-999;-999;eor
      17448;20240426;    3;   0.0;   0;-999;-999;eor
      17448;20240427;    3;   0.0;   0;-999;-999;eor
      17448;20240428;    3;   0.0;   0;-999;-999;eor
      17448;20240429;    3;   0.0;   0;-999;-999;eor
      17448;20240430;    3;   0.0;   0;-999;-999;eor
      17448;20240501;    3;   0.0;   0;-999;-999;eor
      17448;20240502;    3;   0.0;   0;-999;-999;eor
      17448;20240503;    3;   0.1;   4;-999;-999;eor
      17448;20240504;    3;   0.0;   0;-999;-999;eor
      17448;20240505;    3;   0.0;   0;-999;-999;eor
      17448;20240506;    3;   0.0;   0;-999;-999;eor
      17448;20240507;    3;   0.0;   0;-999;-999;eor
      17448;20240508;    3;   0.0;   0;-999;-999;eor
      17448;20240509;    3;   0.0;   0;-999;-999;eor
      17448;20240510;    3;   0.0;   0;-999;-999;eor
      17448;20240511;    3;   0.0;   0;-999;-999;eor
      17448;20240512;    3;   0.0;   0;-999;-999;eor
      17448;20240513;    3;   0.0;   0;-999;-999;eor
      17448;20240514;    3;   0.0;   0;-999;-999;eor
      17448;20240515;    3;   0.0;   0;-999;-999;eor
      17448;20240516;    3;   0.0;   0;-999;-999;eor
      17448;20240517;    3;   0.0;   0;-999;-999;eor
      17448;20240518;    3;   0.0;   0;-999;-999;eor
      17448;20240519;    3;   2.8;   4;-999;-999;eor
      17448;20240520;    3;   0.3;   4;-999;-999;eor
      17448;20240521;    3;   0.0;   0;-999;-999;eor
      17448;20240522;    3;   1.8;   4;-999;-999;eor
      17448;20240523;    3;   0.0;   0;-999;-999;eor
      17448;20240524;    3;  28.4;   4;-999;-999;eor
      17448;20240525;    3;  11.9;   4;-999;-999;eor
      17448;20240526;    3;   0.0;   0;-999;-999;eor
      17448;20240527;    3;   0.0;   0;-999;-999;eor
      17448;20240528;    3;   3.7;   4;-999;-999;eor
      17448;20240529;    3;   0.0;   0;-999;-999;eor
      17448;20240530;    3;   7.4;   4;-999;-999;eor
      17448;20240531;    3;   0.0;   0;-999;-999;eor
      17448;20240601;    3;   1.9;   4;-999;-999;eor
      17448;20240602;    3;   0.0;   0;-999;-999;eor
      17448;20240603;    3;   0.0;   0;-999;-999;eor
      17448;20240604;    3;   0.0;   0;-999;-999;eor
      17448;20240605;    3;  10.9;   4;-999;-999;eor
      17448;20240606;    3;   0.3;   4;-999;-999;eor
      17448;20240607;    3;   0.0;   0;-999;-999;eor
      17448;20240608;    3;   0.0;   0;-999;-999;eor
      17448;20240609;    3;   0.0;   0;-999;-999;eor
      17448;20240610;    3;   1.8;   4;-999;-999;eor
      17448;20240611;    3;   0.0;   0;-999;-999;eor
      17448;20240612;    3;   0.0;   0;-999;-999;eor
      17448;20240613;    3;   0.0;   0;-999;-999;eor
      17448;20240614;    3;   0.8;   4;-999;-999;eor
      17448;20240615;    3;   2.9;   4;-999;-999;eor
      17448;20240616;    3;   0.0;   0;-999;-999;eor
      17448;20240617;    3;   2.3;   4;-999;-999;eor
      17448;20240618;    3;  12.2;   4;-999;-999;eor
      17448;20240619;    3;   2.0;   4;-999;-999;eor
      17448;20240620;    3;   0.0;   0;-999;-999;eor
      17448;20240621;    3;   9.7;   4;-999;-999;eor
      17448;20240622;    3;  13.3;   4;-999;-999;eor
      17448;20240623;    3;   0.0;   0;-999;-999;eor
      17448;20240624;    3;   0.0;   0;-999;-999;eor
      17448;20240625;    3;   0.0;   0;-999;-999;eor
      17448;20240626;    3;   0.0;   0;-999;-999;eor
      17448;20240627;    3;   6.0;   4;-999;-999;eor
      17448;20240628;    3;   0.3;   4;-999;-999;eor
      17448;20240629;    3;   1.3;   4;-999;-999;eor
      17448;20240630;    3;   0.4;   4;-999;-999;eor
      17448;20240701;    3;  10.1;   4;-999;-999;eor
      17448;20240702;    3;   2.2;   4;-999;-999;eor
      17448;20240703;    3;   0.0;   0;-999;-999;eor
      17448;20240704;    3;   1.1;   4;-999;-999;eor
      17448;20240705;    3;   0.0;   0;-999;-999;eor
      17448;20240706;    3;   2.1;   4;-999;-999;eor
      17448;20240707;    3;   0.0;   0;-999;-999;eor
      17448;20240708;    3;   0.0;   0;-999;-999;eor
      17448;20240709;    3;   0.0;   0;-999;-999;eor
      17448;20240710;    3;   7.5;   4;-999;-999;eor
      17448;20240711;    3;   1.3;   4;-999;-999;eor
      17448;20240712;    3;  21.1;   4;-999;-999;eor
      17448;20240713;    3;   0.0;   0;-999;-999;eor
      17448;20240714;    3;   0.0;   0;-999;-999;eor
      17448;20240715;    3;   0.0;   0;-999;-999;eor
      17448;20240716;    3;   9.7;   4;-999;-999;eor
      17448;20240717;    3;   0.0;   0;-999;-999;eor
      17448;20240718;    3;   0.0;   0;-999;-999;eor
      17448;20240719;    3;   0.0;   0;-999;-999;eor
      17448;20240720;    3;   0.0;   0;-999;-999;eor
      17448;20240721;    3;   3.1;   4;-999;-999;eor
      17448;20240722;    3;   0.2;   4;-999;-999;eor
      17448;20240723;    3;   4.3;   4;-999;-999;eor
      17448;20240724;    3;   0.3;   4;-999;-999;eor
      17448;20240725;    3;   0.0;   0;-999;-999;eor
      17448;20240726;    3;   2.6;   4;-999;-999;eor
      17448;20240727;    3;  41.1;   4;-999;-999;eor
      17448;20240728;    3;   3.3;   4;-999;-999;eor
      17448;20240729;    3;   0.0;   0;-999;-999;eor
      17448;20240730;    3;   0.0;   0;-999;-999;eor
      17448;20240731;    3;   0.0;   0;-999;-999;eor
      17448;20240801;    3;   0.0;   0;-999;-999;eor
      17448;20240802;    3;   0.0;   0;-999;-999;eor
      17448;20240803;    3;  14.9;   4;-999;-999;eor
      17448;20240804;    3;   7.4;   4;-999;-999;eor
      17448;20240805;    3;   0.0;   0;-999;-999;eor
      17448;20240806;    3;   0.0;   0;-999;-999;eor
      17448;20240807;    3;   0.4;   4;-999;-999;eor
      17448;20240808;    3;   0.0;   0;-999;-999;eor
      17448;20240809;    3;   0.6;   4;-999;-999;eor
      17448;20240810;    3;   0.0;   0;-999;-999;eor
      17448;20240811;    3;   0.0;   0;-999;-999;eor
      17448;20240812;    3;   0.0;   0;-999;-999;eor
      17448;20240813;    3;   0.0;   0;-999;-999;eor
      17448;20240814;    3;   2.7;   4;-999;-999;eor
      17448;20240815;    3;   0.0;   0;-999;-999;eor
      17448;20240816;    3;   0.0;   0;-999;-999;eor
      17448;20240817;    3;   0.0;   0;-999;-999;eor
      17448;20240818;    3;   0.0;   0;-999;-999;eor
      17448;20240819;    3;   0.0;   0;-999;-999;eor
      17448;20240820;    3;   0.0;   0;-999;-999;eor
      17448;20240821;    3;   0.0;   0;-999;-999;eor
      17448;20240822;    3;   0.0;   0;-999;-999;eor
      17448;20240823;    3;   0.0;   0;-999;-999;eor
      17448;20240824;    3;   0.0;   0;-999;-999;eor
      17448;20240825;    3;   0.0;   0;-999;-999;eor
      17448;20240826;    3;   0.0;   0;-999;-999;eor
      17448;20240827;    3;   0.0;   0;-999;-999;eor
      17448;20240828;    3;   0.0;   0;-999;-999;eor
      17448;20240829;    3;   0.0;   0;-999;-999;eor
      17448;20240830;    3;   0.0;   0;-999;-999;eor
      17448;20240831;    3;   0.0;   0;-999;-999;eor
      17448;20240901;    3;   0.0;   0;-999;-999;eor
      17448;20240902;    3;   0.0;   0;-999;-999;eor
      17448;20240903;    3;   0.0;   0;-999;-999;eor
      17448;20240904;    3;   0.0;   0;-999;-999;eor
      17448;20240905;    3;   0.0;   0;-999;-999;eor
      17448;20240906;    3;   0.0;   0;-999;-999;eor
      17448;20240907;    3;   0.0;   0;-999;-999;eor
      17448;20240908;    3;   0.7;   4;-999;-999;eor
      17448;20240909;    3;  11.9;   4;-999;-999;eor
      17448;20240910;    3;   0.1;   4;-999;-999;eor
      17448;20240911;    3;   0.3;   4;-999;-999;eor
      17448;20240912;    3;   0.0;   0;-999;-999;eor
      17448;20240913;    3;   2.3;   4;-999;-999;eor
      17448;20240914;    3;   0.0;   0;-999;-999;eor
      17448;20240915;    3;   1.7;   4;-999;-999;eor
      17448;20240916;    3;   3.7;   4;-999;-999;eor
      17448;20240917;    3;   0.0;   0;-999;-999;eor
      17448;20240918;    3;   0.0;   0;-999;-999;eor
      17448;20240919;    3;   0.0;   0;-999;-999;eor
      17448;20240920;    3;   0.0;   0;-999;-999;eor
      17448;20240921;    3;   0.0;   0;-999;-999;eor
      17448;20240922;    3;   0.0;   0;-999;-999;eor
      17448;20240923;    3;   0.0;   0;-999;-999;eor
      17448;20240924;    3;   8.6;   4;-999;-999;eor
      17448;20240925;    3;   1.6;   4;-999;-999;eor
      17448;20240926;    3;   0.7;   4;-999;-999;eor
      17448;20240927;    3;   0.4;   4;-999;-999;eor
      17448;20240928;    3;   0.0;   0;-999;-999;eor
      17448;20240929;    3;   0.0;   0;-999;-999;eor
      17448;20240930;    3;   0.0;   0;-999;-999;eor
      17448;20241001;    3;   7.3;   4;-999;-999;eor
      17448;20241002;    3;   2.4;   4;-999;-999;eor
      17448;20241003;    3;   0.2;   4;-999;-999;eor
      17448;20241004;    3;   0.1;   4;-999;-999;eor
      17448;20241005;    3;   0.0;   0;-999;-999;eor
      17448;20241006;    3;   0.0;   0;-999;-999;eor
      17448;20241007;    3;   0.4;   4;-999;-999;eor
      17448;20241008;    3;   8.9;   4;-999;-999;eor
      17448;20241009;    3;   0.2;   4;-999;-999;eor
      17448;20241010;    3;   0.3;   4;-999;-999;eor
      17448;20241011;    3;   0.0;   0;-999;-999;eor
      17448;20241012;    3;   3.2;   4;-999;-999;eor
      17448;20241013;    3;   0.8;   4;-999;-999;eor
      17448;20241014;    3;   0.0;   0;-999;-999;eor
      17448;20241015;    3;   0.0;   0;-999;-999;eor
      17448;20241016;    3;   0.0;   0;-999;-999;eor
      17448;20241017;    3;   0.0;   0;-999;-999;eor
      17448;20241018;    3;   0.0;   0;-999;-999;eor
      17448;20241019;    3;   0.0;   0;-999;-999;eor
      17448;20241020;    3;   0.0;   0;-999;-999;eor
      17448;20241021;    3;   0.0;   0;-999;-999;eor
      17448;20241022;    3;   0.0;   0;-999;-999;eor
      17448;20241023;    3;   0.0;   0;-999;-999;eor
      17448;20241024;    3;   0.0;   0;-999;-999;eor
      17448;20241025;    3;   0.0;   0;-999;-999;eor
      17448;20241026;    3;   0.0;   0;-999;-999;eor
      17448;20241027;    3;   0.0;   0;-999;-999;eor
      17448;20241028;    3;   1.0;   4;-999;-999;eor
      17448;20241029;    3;   0.0;   0;-999;-999;eor
      17448;20241030;    3;   0.0;   0;-999;-999;eor
      17448;20241031;    3;   0.0;   0;-999;-999;eor
      17448;20241101;    3;   0.9;   4;-999;-999;eor
      17448;20241102;    3;   0.0;   0;-999;-999;eor
      17448;20241103;    3;   0.0;   0;-999;-999;eor
      17448;20241104;    3;   0.3;   4;-999;-999;eor
      17448;20241105;    3;   0.0;   0;-999;-999;eor
      17448;20241106;    3;   0.0;   0;-999;-999;eor
      17448;20241107;    3;   0.0;   0;-999;-999;eor
      17448;20241108;    3;   0.0;   0;-999;-999;eor
      17448;20241109;    3;   0.0;   0;-999;-999;eor
      17448;20241110;    3;   0.0;   0;-999;-999;eor
      17448;20241111;    3;   0.0;   0;-999;-999;eor
      17448;20241112;    3;   0.0;   0;-999;-999;eor
      17448;20241113;    3;   0.1;   4;-999;-999;eor
      17448;20241114;    3;   0.4;   4;-999;-999;eor
      17448;20241115;    3;   0.0;   0;-999;-999;eor
      17448;20241116;    3;   1.7;   4;-999;-999;eor
      17448;20241117;    3;   1.0;   4;-999;-999;eor
      17448;20241118;    3;   0.0;   0;-999;-999;eor
      17448;20241119;    3;  18.0;   4;-999;-999;eor
      17448;20241120;    3;   2.0;   4;-999;-999;eor
      17448;20241121;    3;   0.0;   0;-999;-999;eor
      17448;20241122;    3;   0.2;   4;-999;-999;eor
      17448;20241123;    3;  11.8;   4;-999;-999;eor
      17448;20241124;    3;   0.5;   4;-999;-999;eor
      17448;20241125;    3;   2.1;   4;-999;-999;eor
      17448;20241126;    3;   0.1;   4;-999;-999;eor
      17448;20241127;    3;   5.0;   4;-999;-999;eor
      17448;20241128;    3;   4.4;   4;-999;-999;eor
      17448;20241129;    3;   0.0;   0;-999;-999;eor
      17448;20241130;    3;   0.0;   0;-999;-999;eor
      17448;20241201;    3;   0.0;   0;-999;-999;eor
      17448;20241202;    3;   0.0;   0;-999;-999;eor
      17448;20241203;    3;   1.9;   4;-999;-999;eor
      17448;20241204;    3;   2.6;   4;-999;-999;eor
      17448;20241205;    3;   4.1;   4;-999;-999;eor
      17448;20241206;    3;   5.1;   4;-999;-999;eor
      17448;20241207;    3;   3.3;   4;-999;-999;eor
      17448;20241208;    3;   1.7;   4;-999;-999;eor
      17448;20241209;    3;   0.6;   4;-999;-999;eor
      17448;20241210;    3;   0.0;   0;-999;-999;eor
      17448;20241211;    3;   0.0;   0;-999;-999;eor
      17448;20241212;    3;   0.0;   0;-999;-999;eor
      17448;20241213;    3;   0.0;   0;-999;-999;eor
      17448;20241214;    3;   1.2;   4;-999;-999;eor
      17448;20241215;    3;   2.4;   4;-999;-999;eor
      17448;20241216;    3;   0.3;   4;-999;-999;eor
      17448;20241217;    3;   0.0;   0;-999;-999;eor
      17448;20241218;    3;   0.0;   0;-999;-999;eor
      17448;20241219;    3;   2.7;   4;-999;-999;eor
      17448;20241220;    3;   0.0;   0;-999;-999;eor
      17448;20241221;    3;   2.0;   4;-999;-999;eor
      17448;20241222;    3;   2.6;   4;-999;-999;eor
      17448;20241223;    3;   0.7;   4;-999;-999;eor
      17448;20241224;    3;   0.0;   0;-999;-999;eor
      17448;20241225;    3;   0.0;   0;-999;-999;eor
      17448;20241226;    3;   0.0;   0;-999;-999;eor
      17448;20241227;    3;   0.0;   0;-999;-999;eor
      17448;20241228;    3;   0.0;   0;-999;-999;eor
      17448;20241229;    3;   0.0;   0;-999;-999;eor
      17448;20241230;    3;   0.0;   0;-999;-999;eor
      17448;20241231;    3;   0.0;   0;-999;-999;eor
      17448;20250101;    3;   0.2;   4;-999;-999;eor
      17448;20250102;    3;   0.1;   4;-999;-999;eor
      17448;20250103;    3;   1.4;   4;-999;-999;eor
      17448;20250104;    3;   0.0;   0;-999;-999;eor
      17448;20250105;    3;  12.6;   4;-999;-999;eor
      17448;20250106;    3;   1.0;   4;-999;-999;eor
      17448;20250107;    3;   1.2;   4;-999;-999;eor
      17448;20250108;    3;   1.5;   4;-999;-999;eor
      17448;20250109;    3;  14.5;   4;-999;-999;eor
      17448;20250110;    3;   5.1;   4;-999;-999;eor
      17448;20250111;    3;   0.0;   0;-999;-999;eor
      17448;20250112;    3;   0.0;   0;-999;-999;eor
      17448;20250113;    3;   0.0;   0;-999;-999;eor
      17448;20250114;    3;   0.6;   4;-999;-999;eor
      17448;20250115;    3;   0.0;   0;-999;-999;eor
      17448;20250116;    3;   0.0;   0;-999;-999;eor
      17448;20250117;    3;   0.0;   0;-999;-999;eor
      17448;20250118;    3;   0.0;   0;-999;-999;eor
      17448;20250119;    3;   0.0;   0;-999;-999;eor
      17448;20250120;    3;   0.0;   0;-999;-999;eor
      17448;20250121;    3;   0.0;   0;-999;-999;eor
      17448;20250122;    3;   0.0;   0;-999;-999;eor
      17448;20250123;    3;   4.3;   4;-999;-999;eor
      17448;20250124;    3;   1.7;   4;-999;-999;eor
      17448;20250125;    3;   1.2;   4;-999;-999;eor
      17448;20250126;    3;   3.7;   4;-999;-999;eor
      17448;20250127;    3;   1.6;   4;-999;-999;eor
      17448;20250128;    3;   2.7;   4;-999;-999;eor
      17448;20250129;    3;   0.3;   4;-999;-999;eor
      17448;20250130;    3;   2.6;   4;-999;-999;eor
      17448;20250131;    3;   0.0;   0;-999;-999;eor
      17448;20250201;    3;   0.0;   0;-999;-999;eor
      17448;20250202;    3;   0.0;   0;-999;-999;eor
      17448;20250203;    3;   0.0;   0;-999;-999;eor
      17448;20250204;    3;   0.0;   0;-999;-999;eor
      17448;20250205;    3;   0.0;   0;-999;-999;eor
      17448;20250206;    3;   0.0;   0;-999;-999;eor
      17448;20250207;    3;   0.0;   0;-999;-999;eor
      17448;20250208;    3;   0.0;   0;-999;-999;eor
      17448;20250209;    3;   0.0;   0;-999;-999;eor
      17448;20250210;    3;   0.0;   0;-999;-999;eor
      17448;20250211;    3;   0.0;   0;-999;-999;eor
      17448;20250212;    3;   0.0;   0;-999;-999;eor
      17448;20250213;    3;   4.7;   4;-999;-999;eor
      17448;20250214;    3;   0.5;   4;-999;-999;eor
      17448;20250215;    3;   0.0;   0;-999;-999;eor
      17448;20250216;    3;   0.0;   0;-999;-999;eor
      17448;20250217;    3;   0.0;   0;-999;-999;eor
      17448;20250218;    3;   0.0;   0;-999;-999;eor
      17448;20250219;    3;   0.0;   0;-999;-999;eor
      17448;20250220;    3;   0.0;   0;-999;-999;eor
      17448;20250221;    3;   0.0;   0;-999;-999;eor
      17448;20250222;    3;   0.0;   0;-999;-999;eor
      17448;20250223;    3;   0.0;   0;-999;-999;eor
      17448;20250224;    3;   2.3;   4;-999;-999;eor
      17448;20250225;    3;   0.4;   4;-999;-999;eor
      17448;20250226;    3;   2.0;   4;-999;-999;eor
      17448;20250227;    3;   0.8;   4;-999;-999;eor
      17448;20250228;    3;   3.0;   4;-999;-999;eor
      17448;20250301;    3;   0.0;   0;-999;-999;eor
      17448;20250302;    3;   0.0;   0;-999;-999;eor
      17448;20250303;    3;   0.0;   0;-999;-999;eor
      17448;20250304;    3;   0.0;   0;-999;-999;eor
      17448;20250305;    3;   0.0;   0;-999;-999;eor
      17448;20250306;    3;   0.0;   0;-999;-999;eor
      17448;20250307;    3;   0.0;   0;-999;-999;eor
      17448;20250308;    3;   0.0;   0;-999;-999;eor
      17448;20250309;    3;   0.0;   0;-999;-999;eor
      17448;20250310;    3;   0.0;   0;-999;-999;eor
      17448;20250311;    3;   0.0;   0;-999;-999;eor
      17448;20250312;    3;   0.9;   4;-999;-999;eor
      17448;20250313;    3;   0.0;   0;-999;-999;eor
      17448;20250314;    3;   0.0;   0;-999;-999;eor
      17448;20250315;    3;   0.0;   0;-999;-999;eor
      17448;20250316;    3;   0.0;   0;-999;-999;eor
      17448;20250317;    3;   0.0;   0;-999;-999;eor
      17448;20250318;    3;   0.0;   0;-999;-999;eor
      17448;20250319;    3;   0.0;   0;-999;-999;eor
      17448;20250320;    3;   0.0;   0;-999;-999;eor
      17448;20250321;    3;   0.0;   0;-999;-999;eor
      17448;20250322;    3;   0.0;   0;-999;-999;eor
      17448;20250323;    3;   0.0;   0;-999;-999;eor
      17448;20250324;    3;   1.3;   4;-999;-999;eor
      17448;20250325;    3;   0.0;   0;-999;-999;eor
      17448;20250326;    3;   0.2;   4;-999;-999;eor
      17448;20250327;    3;   0.0;   0;-999;-999;eor
      17448;20250328;    3;   0.0;   0;-999;-999;eor
      17448;20250329;    3;   0.0;   0;-999;-999;eor
      17448;20250330;    3;  10.7;   4;-999;-999;eor
      17448;20250331;    3;   0.1;   4;-999;-999;eor
      17448;20250401;    3;   0.0;   0;-999;-999;eor
      17448;20250402;    3;   0.0;   0;-999;-999;eor
      17448;20250403;    3;   0.0;   0;-999;-999;eor
      17448;20250404;    3;   0.0;   0;-999;-999;eor
      17448;20250405;    3;   0.0;   0;-999;-999;eor
      17448;20250406;    3;   0.0;   0;-999;-999;eor
      17448;20250407;    3;   0.0;   0;-999;-999;eor
      17448;20250408;    3;   0.0;   0;-999;-999;eor
      17448;20250409;    3;   0.0;   0;-999;-999;eor
      17448;20250410;    3;   0.0;   0;-999;-999;eor
      17448;20250411;    3;   0.0;   0;-999;-999;eor
      17448;20250412;    3;   0.0;   0;-999;-999;eor
      17448;20250413;    3;   0.0;   0;-999;-999;eor
      17448;20250414;    3;   0.0;   0;-999;-999;eor
      17448;20250415;    3;   0.0;   0;-999;-999;eor
      17448;20250416;    3;   0.0;   0;-999;-999;eor
      17448;20250417;    3;   0.0;   0;-999;-999;eor
      17448;20250418;    3;   7.9;   4;-999;-999;eor
      17448;20250419;    3;   0.3;   4;-999;-999;eor
      17448;20250420;    3;   0.9;   4;-999;-999;eor
      17448;20250421;    3;   0.0;   0;-999;-999;eor
      17448;20250422;    3;   0.0;   0;-999;-999;eor
      17448;20250423;    3;   0.0;   0;-999;-999;eor
      17448;20250424;    3;   0.0;   0;-999;-999;eor
      17448;20250425;    3;   0.0;   0;-999;-999;eor
      17448;20250426;    3;   0.0;   0;-999;-999;eor
      17448;20250427;    3;   0.0;   0;-999;-999;eor
      17448;20250428;    3;   0.0;   0;-999;-999;eor
      17448;20250429;    3;   0.0;   0;-999;-999;eor
      17448;20250430;    3;   0.0;   0;-999;-999;eor
      17448;20250501;    3;   0.0;   0;-999;-999;eor
      17448;20250502;    3;   1.4;   4;-999;-999;eor
      17448;20250503;    3;   2.1;   4;-999;-999;eor
      17448;20250504;    3;   0.0;   0;-999;-999;eor
      17448;20250505;    3;   0.0;   0;-999;-999;eor
      17448;20250506;    3;   0.0;   0;-999;-999;eor
      17448;20250507;    3;   0.0;   0;-999;-999;eor
      17448;20250508;    3;   0.0;   0;-999;-999;eor
      17448;20250509;    3;   0.0;   0;-999;-999;eor
      17448;20250510;    3;   0.0;   0;-999;-999;eor
      17448;20250511;    3;   0.0;   0;-999;-999;eor
      17448;20250512;    3;   0.0;   0;-999;-999;eor
      17448;20250513;    3;   0.0;   0;-999;-999;eor
      17448;20250514;    3;   0.0;   0;-999;-999;eor
      17448;20250515;    3;   0.0;   0;-999;-999;eor
      17448;20250516;    3;  12.2;   4;-999;-999;eor
      17448;20250517;    3;   0.6;   4;-999;-999;eor
      17448;20250518;    3;   0.0;   0;-999;-999;eor
      17448;20250519;    3;   0.9;   4;-999;-999;eor
      17448;20250520;    3;   0.0;   0;-999;-999;eor
      17448;20250521;    3;   0.0;   0;-999;-999;eor
      17448;20250522;    3;   0.0;   0;-999;-999;eor
      17448;20250523;    3;   5.1;   4;-999;-999;eor
      17448;20250524;    3;   0.0;   0;-999;-999;eor
      17448;20250525;    3;   3.3;   4;-999;-999;eor
      17448;20250526;    3;   0.0;   0;-999;-999;eor
      17448;20250527;    3;   2.2;   4;-999;-999;eor
      17448;20250528;    3;  14.5;   4;-999;-999;eor
      17448;20250529;    3;   2.3;   4;-999;-999;eor
      17448;20250530;    3;   0.0;   0;-999;-999;eor
      17448;20250531;    3;   0.0;   0;-999;-999;eor
      17448;20250601;    3;   0.0;   0;-999;-999;eor
      17448;20250602;    3;   0.0;   0;-999;-999;eor
      17448;20250603;    3;   0.0;   0;-999;-999;eor
      17448;20250604;    3;   1.6;   4;-999;-999;eor
      17448;20250605;    3;   2.1;   4;-999;-999;eor
      17448;20250606;    3;   0.6;   4;-999;-999;eor
      17448;20250607;    3;   5.6;   4;-999;-999;eor
      17448;20250608;    3;   8.8;   4;-999;-999;eor
      17448;20250609;    3;   0.0;   0;-999;-999;eor
      17448;20250610;    3;   3.2;   4;-999;-999;eor
      17448;20250611;    3;   0.0;   0;-999;-999;eor
      17448;20250612;    3;   0.0;   0;-999;-999;eor
      17448;20250613;    3;   0.0;   0;-999;-999;eor
      17448;20250614;    3;   0.0;   0;-999;-999;eor
      17448;20250615;    3;   0.2;   4;-999;-999;eor
      17448;20250616;    3;   0.0;   0;-999;-999;eor
      17448;20250617;    3;   0.0;   0;-999;-999;eor
      17448;20250618;    3;   0.0;   0;-999;-999;eor
      17448;20250619;    3;   0.0;   0;-999;-999;eor
      17448;20250620;    3;   0.0;   0;-999;-999;eor
      17448;20250621;    3;   0.0;   0;-999;-999;eor
      17448;20250622;    3;   0.5;   4;-999;-999;eor
      17448;20250623;    1;   5.0;   4;-999;-999;eor
      17448;20250624;    1;   3.1;   4;-999;-999;eor
      17448;20250625;    1;   0.2;   4;-999;-999;eor
      17448;20250626;    1;   0.1;   4;-999;-999;eor
      17448;20250627;    1;   0.7;   4;-999;-999;eor
      17448;20250628;    1;   0.0;   0;-999;-999;eor
      17448;20250629;    1;   2.0;   4;-999;-999;eor
      17448;20250630;    1;   0.0;   0;-999;-999;eor
      17448;20250701;    1;   0.0;   0;-999;-999;eor
      17448;20250702;    1;   0.0;   0;-999;-999;eor
      17448;20250703;    1;   0.7;   4;-999;-999;eor
      17448;20250704;    1;   0.0;   0;-999;-999;eor
      17448;20250705;    1;   0.0;   0;-999;-999;eor
      17448;20250706;    1;   0.1;   4;-999;-999;eor
      17448;20250707;    1;   4.9;   4;-999;-999;eor
      17448;20250708;    1;   0.0;   0;-999;-999;eor
      17448;20250709;    1;   0.1;   4;-999;-999;eor
      17448;20250710;    1;   3.5;   4;-999;-999;eor
      17448;20250711;    1;   6.7;   4;-999;-999;eor
      17448;20250712;    1;  19.2;   4;-999;-999;eor
      17448;20250713;    1;   0.9;   4;-999;-999;eor
      17448;20250714;    1;   6.3;   4;-999;-999;eor
      17448;20250715;    1;   7.0;   4;-999;-999;eor
      17448;20250716;    1;   4.3;   4;-999;-999;eor
      17448;20250717;    1;   9.0;   4;-999;-999;eor
      17448;20250718;    1;   0.0;   0;-999;-999;eor
      17448;20250719;    1;   0.0;   0;-999;-999;eor
      17448;20250720;    1;   0.0;   0;-999;-999;eor
      17448;20250721;    1;  21.2;   4;-999;-999;eor
      17448;20250722;    1;   5.8;   4;-999;-999;eor
      17448;20250723;    1;   1.4;   4;-999;-999;eor
      17448;20250724;    1;   9.6;   4;-999;-999;eor
      17448;20250725;    1;   1.2;   4;-999;-999;eor
      17448;20250726;    1;   0.0;   0;-999;-999;eor
      17448;20250727;    1;   8.5;   4;-999;-999;eor
      17448;20250728;    1;   0.3;   4;-999;-999;eor
      17448;20250729;    1;   0.0;   0;-999;-999;eor
      17448;20250730;    1;   1.3;   4;-999;-999;eor
      17448;20250731;    1;   3.9;   4;-999;-999;eor
      17448;20250801;    1;   2.9;   4;-999;-999;eor
      17448;20250802;    1;   0.0;   0;-999;-999;eor
      17448;20250803;    1;   0.1;   4;-999;-999;eor
      17448;20250804;    1;   4.4;   4;-999;-999;eor
      17448;20250805;    1;   3.9;   4;-999;-999;eor
      17448;20250806;    1;   0.0;   0;-999;-999;eor
      17448;20250807;    1;   0.0;   0;-999;-999;eor
      17448;20250808;    1;   0.0;   0;-999;-999;eor
      17448;20250809;    1;   0.0;   0;-999;-999;eor
      17448;20250810;    1;   0.0;   0;-999;-999;eor
      17448;20250811;    1;   0.0;   0;-999;-999;eor
      17448;20250812;    1;   0.0;   0;-999;-999;eor
      17448;20250813;    1;   0.0;   0;-999;-999;eor
      17448;20250814;    1;   0.0;   0;-999;-999;eor
      17448;20250815;    1;   0.0;   0;-999;-999;eor
      17448;20250816;    1;   0.0;   0;-999;-999;eor
      17448;20250817;    1;   0.0;   0;-999;-999;eor
      17448;20250818;    1;   0.0;   0;-999;-999;eor
      17448;20250819;    1;   0.0;   0;-999;-999;eor
      17448;20250820;    1;   0.0;   0;-999;-999;eor
      17448;20250821;    1;   0.0;   0;-999;-999;eor
      17448;20250822;    1;   0.0;   0;-999;-999;eor
      17448;20250823;    1;   1.4;   4;-999;-999;eor
      17448;20250824;    1;   0.0;   0;-999;-999;eor
      17448;20250825;    1;   0.0;   0;-999;-999;eor
      17448;20250826;    1;   0.0;   0;-999;-999;eor
      17448;20250827;    1;   3.3;   4;-999;-999;eor
      17448;20250828;    1;   9.2;   4;-999;-999;eor
      17448;20250829;    1;   4.3;   4;-999;-999;eor
      17448;20250830;    1;   0.0;   0;-999;-999;eor
      17448;20250831;    1;   0.0;   0;-999;-999;eor
      17448;20250901;    1;   1.2;   4;-999;-999;eor
      17448;20250902;    1;   4.4;   4;-999;-999;eor
      17448;20250903;    1;   0.0;   0;-999;-999;eor
